|t90     |
|        |
|   0.240|
|  30.144|
|   8.384|
|   3.328|
|  73.472|
|  36.992|
|  13.184|
| 328.448|
|        |
|        |
|   7.296|
|  69.504|
|  34.880|
|        |
|  21.248|
|  81.472|
|   0.675|
|  33.024|
|   0.128|
|  26.720|
|        |
|        |
|  68.032|
|        |
|   0.768|
|  67.840|
|   1.039|
|   3.904|
|   0.896|
|  11.712|
|   2.284|
|        |
|        |
|        |
|  49.472|
|   0.640|
|  70.976|
|  60.800|
|   0.128|
|  31.232|
|  56.064|
|  96.128|
|   6.016|
|  13.696|
|        |
|   0.304|
|  18.112|
|   1.461|
|  17.408|
|   0.637|
|  17.344|
|   0.960|
|   0.512|
|   0.075|
|   0.896|
|        |
|  19.904|
|   1.984|
|  13.056|
|        |
|        |
|   2.176|
|   0.164|
|  14.400|
|        |
|   0.896|
|   5.248|
|        |
|  82.880|
|   0.620|
| 181.088|
|   0.064|
|        |
|   1.792|
|   0.240|
|   1.439|
|  69.472|
|  28.928|
|        |
|  41.984|
|   9.344|
|   0.359|
|   0.464|
|        |
|        |
|        |
|   2.816|
|  66.976|
|        |
|  13.312|
|  57.280|
| 189.952|
|   3.200|
|        |
|  10.528|
|        |
|   1.920|
|        |
|   0.832|
|  20.544|
|   2.970|
|  30.336|
|   0.452|
|  38.720|
|        |
|  83.072|
|  32.000|
|        |
|  43.648|
| 356.672|
|   6.592|
|        |
|  14.528|
|        |
|  40.320|
|        |
|   0.320|
|  32.032|
|   0.624|
|   0.176|
|        |
|        |
|   2.432|
|  21.024|
|   9.280|
|  48.320|
|   0.052|
|  39.232|
|   9.600|
| 102.912|
| 182.784|
| 132.256|
|   1.280|
|   0.055|
|   9.984|
|  18.880|
|   8.512|
|  27.456|
|        |
|  50.368|
|        |
|  33.216|
|  32.256|
|  34.688|
|  52.096|
|        |
|  52.416|
|  45.888|
|  92.704|
|  21.248|
|  30.400|
| 116.032|
|  31.168|
|  48.384|
|  19.200|
|        |
|  35.264|
|   5.504|
|  10.112|
|  31.104|
|   1.958|
|  61.216|
|  37.056|
| 221.184|
|   0.564|
|  68.352|
|  35.328|
|        |
|   9.472|
|  86.336|
|        |
|   7.040|
|   0.960|
|        |
|  15.808|
|        |
|   0.384|
|   0.419|
|   0.602|
| 112.192|
|        |
|  52.416|
|        |
| 134.496|
|  25.472|
|   1.280|
|        |
|  30.720|
|   0.364|
|   0.583|
|   1.408|
|   1.152|
|  66.560|
| 253.952|
|   0.448|
|        |
|  49.152|
|  36.864|
|  33.024|
|        |
|   8.896|
|        |
|   2.368|
|   5.184|
|        |
|        |
|  72.512|
|  60.032|
|  81.728|
|        |
|        |
|  22.656|
|  90.176|
|        |
|  13.824|
|  48.064|
|  13.568|
|   4.864|
|   0.240|
|  44.736|
|   0.192|
|  12.800|
|  67.392|
|   0.248|
|        |
|        |
|  26.240|
|   9.408|
|  31.488|
|  16.832|
|   1.973|
|  57.984|
|  54.336|
|  20.736|
|   3.264|
|  12.224|
|  12.672|
|        |
|  11.392|
|  42.752|
|  13.312|
|  23.552|
|        |
|  79.296|
| 253.280|
|  53.824|
|  20.544|
|   0.192|
|   6.528|
|  28.096|
| 114.112|
|  70.656|
|   3.456|
|  76.256|
|        |
|        |
| 129.024|
|        |
|        |
|        |
|   0.608|
|   0.901|
|   0.768|
|  11.520|
|        |
|  54.336|
|  81.344|
|   2.432|
|   0.820|
| 206.272|
|        |
|        |
|        |
|  22.784|
|  55.296|
|        |
| 102.272|
|   0.202|
|   1.088|
|  47.744|
|  50.848|
|   0.512|
|  37.760|
| 296.960|
|   0.128|
|  42.368|
|        |
|  52.992|
| 142.048|
| 124.160|
| 355.072|
|  60.096|
|  82.176|
|  20.736|
|   0.015|
|        |
|  10.240|
|  30.848|
|   9.024|
|  34.880|
|   0.192|
|  17.536|
|        |
|  40.448|
|   3.904|
|  39.680|
|   0.092|
|  44.928|
|1307.008|
|  56.512|
|   0.544|
|        |
| 115.328|
|   0.160|
|  31.296|
|        |
|  38.144|
|  15.680|
| 215.040|
|  36.512|
|        |
|   0.262|
|  82.688|
|        |
|  24.512|
|  25.024|
|  18.176|
|        |
|        |
|   0.192|
|   0.608|
|  29.696|
|   0.448|
|  12.224|
|  28.896|
|   3.712|
|   0.104|
|   8.192|
|   3.200|
|   6.976|
|   0.188|
|  10.176|
|  67.392|
|   0.987|
|   0.320|
|        |
|  38.080|
|  61.952|
|  44.096|
|  31.232|
|  20.608|
|        |
|  48.512|
|        |
|  29.440|
|        |
|   0.391|
|   1.088|
|        |
|        |
|        |
| 119.808|
|        |
|        |
|        |
|   1.792|
|  46.720|
|        |
|   3.072|
|        |
|  10.688|
|        |
|   0.496|
|   0.768|
|  13.888|
|   4.416|
|  29.696|
|  72.320|
| 114.496|
| 219.584|
|   0.384|
|  25.504|
|  16.320|
| 131.648|
|        |
|   0.104|
|        |
|   1.408|
|        |
|  33.280|
|   0.123|
|        |
|        |
|  26.816|
|   3.214|
|  36.800|
|  78.656|
|  60.096|
|  35.584|
|  67.136|
|        |
|  17.792|
|   0.896|
|        |
|        |
|  24.576|
|        |
|        |
|        |
|  11.264|
|  16.992|
|        |
|   9.984|
|        |
| 239.552|
|        |
|  31.104|
|  35.872|
|        |
|   0.192|
|   3.136|
|   3.392|
|  13.376|
|  18.496|
|   0.420|
|  26.816|
| 266.752|
|        |
|   0.384|
|   1.954|
| 170.560|
| 616.256|
|  16.064|
|   0.256|
|  17.024|
|  88.576|
|  20.736|
| 200.032|
|        |
|  23.744|
|        |
|  19.776|
|  64.014|
|  51.840|
|   1.344|
|  20.544|
|  25.280|
|   1.008|
|   6.464|
|  25.984|
|        |
|        |
|   0.704|
|   4.864|
|        |
|   0.100|
|   0.768|
|   0.132|
|   0.320|
|  36.480|
|  57.920|
|  18.560|
|  15.168|
|  27.712|
|  22.144|
|   7.488|
|  16.704|
|   6.528|
| 109.248|
|   0.051|
|   2.070|
|        |
|  39.296|
|        |
|  43.584|
|  16.128|
|        |
| 259.488|
|   8.576|
|   0.186|
|   1.408|
|        |
|  23.680|
|   0.146|
|  76.416|
|  12.160|
|        |
|   0.076|
|  49.984|
|   0.576|
|        |
|   0.276|
|        |
| 140.064|
|   8.832|
|  89.344|
|  10.112|
|  39.936|
|  72.128|
|   4.288|
|  26.048|
|        |
|  84.224|
|  49.152|
|   0.448|
|  76.416|
|  87.616|
|        |
|   1.168|
|   0.036|
|   2.496|
|        |
|  58.656|
|  37.376|
|  51.968|
|        |
|        |
|  17.344|
|  80.128|
|   0.128|
|   1.408|
|   1.247|
|   0.560|
|   0.064|
|        |
|  86.240|
|        |
|  37.824|
|  22.912|
|  55.232|
|   0.384|
|  49.600|
|   0.832|
|  16.192|
|        |
|  16.448|
|        |
|  37.632|
|   1.216|
|  39.808|
|        |
|  13.632|
|   0.256|
|   0.384|
|  29.184|
|  17.472|
| 160.768|
|   0.208|
|        |
|        |
|   6.656|
|   1.408|
|  23.616|
|        |
|  31.232|
|  83.104|
|  23.680|
|        |
|  52.672|
|        |
|  26.240|
|  28.800|
|  69.504|
| 130.240|
|  11.200|
|  60.480|
|   1.024|
|  71.328|
| 106.112|
|        |
|  28.416|
| 100.448|
| 152.000|
|  10.176|
|  63.616|
| 115.008|
| 152.800|
|        |
|  10.944|
|   0.256|
|        |
|   4.512|
|   1.472|
|        |
|  28.544|
|   0.173|
|        |
|   0.768|
|  55.136|
|  59.072|
|        |
|   3.904|
|  29.184|
|  64.576|
|        |
|        |
|   0.096|
|  51.680|
|  13.056|
|  70.720|
|   5.184|
|  24.832|
|   1.173|
| 131.008|
|        |
|   4.096|
|  25.088|
|   6.080|
|   0.399|
|        |
|   0.522|
| 108.512|
|  93.248|
|  45.696|
| 224.192|
|        |
|   0.591|
|        |
|        |
|  18.944|
|  58.432|
|   0.945|
|  54.432|
|   6.656|
|  22.976|
|  37.248|
|   6.400|
|        |
|        |
|   0.617|
|  34.176|
|  15.552|
|   0.056|
|        |
|        |
| 120.640|
|  36.096|
|   0.832|
|  14.208|
|   6.976|
|   3.776|
|   4.135|
|        |
|        |
|  25.664|
|        |
|  40.000|
|  84.160|
|   0.128|
|   1.792|
|        |
|   4.032|
|  44.928|
|        |
|   0.894|
|   1.024|
|  20.480|
|  97.344|
|        |
|        |
| 189.056|
|   0.960|
|   3.635|
|  31.328|
|        |
|  25.920|
|  43.456|
|        |
|        |
|   7.680|
|  21.440|
|   5.440|
|        |
|   2.048|
|   0.048|
|  11.904|
|  21.952|
|  29.184|
|  35.776|
|  44.800|
|  41.728|
|   7.232|
|   0.136|
|        |
|  23.040|
|   0.218|
|        |
|  15.680|
|   0.581|
|        |
|  88.448|
|  48.832|
|  36.480|
|  12.160|
|        |
|  13.088|
|        |
|  31.584|
|        |
|        |
|   0.974|
| 148.480|
|   1.984|
| 185.856|
|  90.944|
|   0.064|
|  10.048|
|        |
| 294.784|
|        |
|  26.912|
|   3.200|
| 116.544|
|  26.688|
|        |
|        |
|        |
|  62.784|
|        |
| 137.344|
|   9.664|
|        |
|        |
|  58.048|
|   1.856|
|  20.800|
|  30.944|
|   9.120|
|        |
|   7.360|
|        |
|   5.056|
|        |
|   1.600|
|        |
|  28.480|
|   8.640|
|        |
|   0.116|
|  40.512|
|   4.544|
|  21.312|
|        |
|  13.920|
|        |
|   4.544|
|  62.528|
|  31.360|
|        |
|  88.384|
|        |
|   3.840|
|   0.392|
|  57.888|
|   7.616|
|  42.752|
|   2.624|
|   0.896|
|   1.918|
|   4.096|
|        |
|  49.408|
| 130.048|
|  42.752|
|   0.128|
|  20.224|
|   3.200|
|  49.344|
|   1.112|
|   0.256|
|  26.048|
|        |
|        |
|   1.408|
|   9.280|
|  33.056|
|   0.315|
|   0.896|
|   8.704|
|   0.384|
|   1.152|
|   0.792|
|        |
|        |
|  80.640|
|  56.000|
|  40.320|
|        |
|        |
|   6.464|
| 147.456|
| 119.616|
|   1.664|
|   8.448|
|   0.183|
|   0.804|
|        |
|        |
|   0.249|
|  21.120|
|  13.888|
|   5.952|
|   0.154|
|   3.904|
|  43.264|
|   0.116|
| 204.416|
|        |
| 119.872|
|        |
|   8.384|
|        |
|        |
|   2.267|
|        |
|        |
|  36.320|
|   0.192|
|  65.600|
|  15.680|
|   4.352|
|        |
|   0.416|
| 137.088|
|  28.352|
|        |
|  70.080|
|  16.128|
|   1.079|
|        |
|   4.032|
|  20.096|
|  90.176|
|  25.408|
|   9.600|
|   2.432|
| 120.000|
|  30.976|
|  22.528|
|  21.920|
|  32.384|
|   3.136|
| 150.784|
|   7.232|
|   0.312|
|  79.168|
|  11.328|
|   1.088|
|   1.483|
|   3.392|
|   8.768|
|   0.128|
|        |
| 115.456|
|  32.192|
|  16.896|
|  20.992|
| 114.368|
|   0.200|
|        |
|  51.680|
|   9.984|
|        |
|  26.496|
|        |
| 274.880|
|   0.960|
|        |
|  29.696|
|        |
|  19.200|
|   1.824|
|        |
|  19.072|
| 318.592|
|        |
|        |
| 275.712|
|   4.224|
|  17.408|
|  70.016|
|   0.024|
|  64.064|
|  23.744|
| 136.192|
|        |
|  61.376|
|        |
|        |
|  98.176|
|  26.944|
|  18.240|
|        |
|   1.011|
|        |
| 172.736|
|        |
|   0.224|
|  22.592|
|   5.440|
|  32.832|
|   0.448|
|  77.376|
|  82.880|
|   2.776|
|   0.576|
|        |
| 134.656|
|        |
|   1.728|
|        |
|  29.888|
|  19.264|
|        |
|   0.250|
|  50.432|
|        |
|  12.736|
|   3.072|
|   1.511|
|  21.632|
|  27.584|
|        |
|   0.192|
|  60.480|
|  18.432|
|  22.912|
|  28.864|
|   2.668|
|  10.432|
|  39.680|
|   0.272|
|   1.664|
|   4.224|
|  39.936|
|        |
|  20.224|
|   4.864|
|  23.040|
|  13.184|
|        |
|  45.312|
|   0.636|
|        |
|  29.312|
|  51.104|
|  70.912|
|   6.464|
|        |
|        |
|  53.984|
|  22.976|
|        |
|   3.456|
|  22.400|
|   2.197|
|  12.672|
|        |
|   0.183|
|  50.944|
|   0.192|
|   1.177|
| 200.704|
|        |
|   0.120|
|        |
|   1.359|
|   0.192|
|  25.088|
|        |
|  10.496|
|   2.944|
|   0.258|
|  15.040|
|   3.392|
|  40.416|
| 108.992|
|  35.584|
| 381.248|
|        |
|  60.992|
|        |
|  33.088|
|  15.296|
|   4.032|
|        |
|   4.544|
|   1.184|
|  45.248|
|   9.792|
|        |
|        |
|  59.392|
|        |
|   7.232|
|        |
|  64.288|
|   0.336|
|        |
|   0.320|
|   6.115|
|  31.840|
|   0.642|
|  33.984|
|        |
|        |
|        |
|        |
|  22.528|
|  98.848|
|        |
|   1.792|
|   0.079|
| 102.208|
|        |
|  16.192|
|   0.413|
|        |
|        |
|  26.752|
|        |
|        |
| 108.544|
|        |
|   0.422|
|  18.368|
|  47.232|
|        |
|   2.240|
|  19.808|
|  16.448|
|        |
| 146.944|
|   0.384|
|  18.240|
|        |
|   3.072|
|  44.384|
|   1.472|
|  65.792|
|  75.904|
|        |
|   0.353|
|  85.440|
|        |
|  60.224|
|  33.280|
|   8.640|
| 130.112|
| 145.664|
|        |
|        |
|   0.455|
|  11.328|
|  28.352|
|   2.063|
|        |
|        |
| 292.736|
|   3.904|
|   0.773|
|  52.992|
|        |
|  40.768|
|        |
| 218.880|
|  13.984|
|        |
| 673.824|
|  62.944|
|        |
|   0.266|
| 261.792|
| 327.296|
|  17.856|
|        |
|        |
|  15.808|
|   2.936|
|   1.152|
|        |
| 134.688|
|  80.000|
|  27.680|
|        |
|  52.672|
|  64.288|
|  20.288|
|  28.032|
|  36.864|
|   0.303|
| 307.648|
|  76.032|
|  46.336|
|   4.096|
| 136.064|
|   0.128|
|   0.704|
|        |
|        |
|        |
|        |
|  54.720|
|   0.124|
|  41.088|
|  10.304|
|   0.176|
|        |
|  59.008|
|  45.344|
|        |
|  35.840|
|  27.584|
|  41.152|
|  37.952|
|  42.432|
|  13.120|
|  58.400|
|   1.600|
|        |
|   0.256|
|   9.920|
|        |
|  38.976|
|        |
|   0.224|
|  20.704|
|        |
|  24.704|
|        |
| 123.392|
|  36.352|
|  20.736|
|  15.904|
| 208.576|
|   0.070|
|        |
|  34.336|
|  19.200|
|        |
| 107.904|
|  51.904|
|   0.064|
|   0.768|
|  17.792|
|        |
|   0.598|
|  72.448|
|   5.440|
|   3.328|
|  55.808|
|   0.072|
|  43.392|
|   0.388|
|  75.136|
|   1.793|
|   0.704|
|   2.560|
|   0.855|
| 111.424|
|   0.512|
|   1.472|
|        |
|  66.176|
|  26.400|
|        |
|  27.712|
|        |
|   1.146|
|  29.696|
|   0.536|
|        |
|  41.280|
|        |
|  63.616|
|  11.328|
|  40.640|
|  18.880|
|   6.656|
|   0.523|
|        |
| 100.544|
|   2.389|
|   2.304|
|        |
|        |
| 377.984|
|   0.960|
|  22.144|
|  88.960|
|  22.592|
|  15.744|
|   0.576|
|  22.784|
|   8.640|
|  55.456|
|        |
|  20.128|
|        |
|  22.528|
|  12.160|
|        |
|  86.848|
|   0.966|
|  23.744|
| 164.352|
|        |
|        |
|   0.253|
|   7.680|
|  48.320|
|        |
|   6.080|
|        |
|  91.136|
|   0.384|
|   1.989|
|  48.448|
|  27.392|
| 200.192|
|   6.080|
| 158.080|
|        |
|   5.184|
|        |
|        |
|   4.672|
|        |
|        |
|        |
|  58.880|
|        |
|        |
|        |
|  18.304|
|        |
|  42.752|
|   1.093|
|   0.448|
|   1.984|
|   0.464|
|        |
|   1.016|
| 152.064|
|        |
|        |
|  40.640|
|   1.254|
|  49.024|
|   4.416|
|  52.800|
|  22.144|
|  15.168|
|   9.664|
|   2.432|
|  39.840|
|  70.016|
|  70.336|
|   0.028|
|  19.392|
|  20.352|
|  86.720|
|        |
|  17.856|
|  50.528|
|   0.099|
|  33.920|
|        |
|  84.160|
|   0.540|
|  26.880|
|  16.128|
|   0.680|
|        |
|   1.536|
| 131.744|
|        |
|  13.632|
|  31.680|
|        |
|        |
|  61.120|
|  63.808|
|   0.476|
|   0.200|
|   1.536|
|  51.552|
|        |
|  30.400|
|        |
|  49.696|
|  70.912|
|        |
|   0.704|
| 300.000|
|        |
|  53.888|
|  14.976|
|   1.015|
| 182.016|
|  10.688|
| 162.944|
|  54.464|
|  65.728|
|  22.016|
|   0.872|
|   0.896|
|   6.287|
|  42.240|
|   0.192|
|  49.728|
|   0.680|
|        |
|  11.008|
|  14.848|
|   4.352|
|   0.508|
|        |
|  73.088|
|  18.112|
|  75.968|
|   6.080|
|  41.824|
|  18.048|
|  16.704|
|   1.953|
|   0.839|
|   0.296|
|  27.584|
|   0.384|
|  39.936|
|        |
|        |
|  12.832|
|  12.352|
|  72.800|
|   0.110|
|   3.904|
|  27.232|
|  19.968|
| 174.464|
| 131.456|
|   0.208|
|   0.174|
| 103.680|
|        |
|   2.816|
|  11.136|
|  36.096|
|        |
|  42.592|
|  57.216|
|  18.240|
|  99.584|
|   0.223|
|   0.118|
| 269.440|
|  14.144|
|        |
|   4.544|
|   4.992|
|  16.256|
|  74.176|
|   1.717|
|        |
|  15.488|
|   0.295|
|   0.177|
|  55.136|
|  26.400|
|        |
|  12.288|
|   5.312|
|  61.952|
|  73.792|
|   8.768|
|   1.664|
|  27.200|
|        |
|  51.584|
|        |
|        |
|   0.208|
|   0.681|
|  29.824|
| 108.352|
|        |
|        |
|   4.864|
|   0.119|
|  14.592|
|        |
|  36.288|
|  64.288|
|   6.592|
|  32.192|
|        |
|   0.336|
|        |
| 106.048|
|   5.376|
|        |
|   1.918|
|   1.002|
|        |
|        |
|        |
|  69.504|
|        |
|   3.072|
|        |
|        |
|   3.099|
|        |
|  44.160|
|  45.248|
| 150.144|
|   6.336|
|  11.872|
|   1.024|
|   0.432|
| 151.360|
|   0.413|
|        |
|        |
|        |
|  78.208|
|   0.176|
|   2.176|
|   9.216|
|  44.736|
|   0.192|
|   9.728|
|  61.888|
|   4.736|
|   0.535|
| 114.112|
|  62.528|
|        |
|   0.578|
|        |
|   2.048|
|   4.544|
|        |
|   0.512|
|   0.776|
|        |
| 144.640|
|  52.000|
|  15.616|
|   2.240|
|  11.520|
|  70.944|
|   3.136|
|        |
|  59.584|
|   1.016|
|  30.880|
| 106.624|
|  22.016|
|  20.928|
|  22.528|
|        |
|        |
|        |
|  32.832|
|   0.160|
|  44.832|
|  20.992|
|   5.065|
| 180.480|
|   0.192|
|  45.440|
|        |
|   0.384|
|        |
|  90.336|
|   0.256|
|        |
|  35.040|
|  19.648|
|  37.184|
|  64.704|
|   9.088|
|        |
|  54.592|
|   1.963|
|   0.424|
|  49.344|
|   0.176|
|  60.736|
|  37.696|
|  48.608|
|   0.199|
|   0.824|
|  65.472|
| 124.736|
|        |
|   8.192|
|   0.787|
|   7.488|
|        |
|  91.264|
|  12.160|
|   1.856|
|   0.460|
|  22.528|
|   0.456|
|   2.688|
|  53.632|
|        |
|  13.472|
|   0.283|
|  29.472|
|   0.878|
|  12.864|
|        |
|  11.872|
|   0.128|
|  12.416|
|        |
|  77.056|
|   9.280|
|  18.496|
|   4.285|
|        |
|   3.520|
|  36.672|
|  36.896|
|   0.768|
|        |
|        |
|        |
|   0.768|
|        |
|   7.168|
|   3.776|
|  15.296|
|   0.128|
|   0.763|
|   1.408|
|  33.536|
|   0.711|
|  17.856|
|  68.032|
|   0.936|
|  13.952|
|  23.232|
| 488.704|
|  42.688|
|  15.168|
|  43.200|
|  46.496|
|        |
|        |
|        |
|   0.512|
|        |
|   0.896|
|        |
|        |
|  11.232|
|   0.512|
|   0.951|
|        |
|  31.616|
|        |
|   1.408|
|   0.228|
|  95.744|
|   0.448|
|   0.398|
| 411.648|
|  49.248|
|  25.984|
|        |
|   9.536|
|        |
|   0.448|
|        |
|        |
|   4.352|
|   5.056|
|        |
|  42.496|
| 331.232|
|   1.152|
|  77.824|
|        |
|   2.884|
| 461.984|
|  35.392|
|  18.240|
|        |
|   1.261|
|        |
|  45.328|
| 107.424|
|        |
|  89.920|
|  22.656|
|  41.056|
|  34.496|
|   0.176|
|  52.096|
|   1.856|
|        |
|        |
|   6.208|
|  43.520|
|   0.116|
|  17.728|
| 179.840|
|        |
|  75.008|
|  26.688|
|   2.410|
|        |
|        |
| 127.744|
|  74.688|
| 100.096|
|   0.768|
|   2.120|
|  25.024|
|        |
| 110.464|
|  77.248|
| 101.216|
|  20.096|
|  57.088|
|  42.624|
|  40.256|
|        |
|  33.728|
|        |
|  66.048|
|  43.200|
|  30.656|
|  50.624|
|  47.104|
|        |
|   2.752|
|   6.080|
|  94.976|
|        |
|   0.256|
|  61.632|
|   2.240|
| 212.352|
|  15.552|
|  77.312|
|  22.464|
|        |
|   0.656|
|        |
| 128.128|
|        |
|   0.640|
|   6.784|
|        |
|  47.872|
|        |
|  18.752|
|   0.527|
|  26.880|
|        |
|  82.176|
|   0.056|
|  20.480|
|  43.328|
|  71.040|
|  74.880|
|        |
|  18.752|
|  89.664|
|   9.792|
|        |
|  10.496|
|  24.384|
|  54.304|
|   0.161|
|  28.416|
|        |
|   3.520|
|   0.985|
| 135.872|
|        |
|  30.592|
|  27.904|
|  14.528|
|  33.856|
|   6.208|
|        |
|  31.488|
|  75.968|
|  15.232|
| 164.224|
| 104.352|
|        |
|  51.520|
|  41.088|
|        |
|  59.072|
|        |
| 102.080|
|  42.912|
|        |
|        |
|   0.344|
|        |
|  68.928|
|  62.656|
|  20.064|
|        |
|  26.368|
|   0.384|
|   8.576|
|  70.400|
| 231.872|
|  73.152|
|        |
|   1.152|
|        |
|  63.040|
|   0.801|
|        |
|   2.624|
|        |
|  67.776|
|  73.536|
|  10.048|
|        |
|  22.208|
|  35.712|
|        |
|   4.268|
|   8.384|
|  53.632|
|  83.584|
|   1.463|
|  30.208|
|  32.096|
|  89.984|
|  14.080|
|        |
| 122.496|
|  40.128|
|  13.824|
|        |
|  62.848|
|  19.424|
| 157.120|
|   1.736|
|   1.088|
| 124.864|
|   0.272|
|  26.688|
| 125.504|
| 108.224|
|  33.408|
|        |
|  21.888|
|   0.256|
|  17.152|
|        |
|   4.288|
|  96.704|
|        |
|        |
|        |
|   5.056|
|   2.560|
|  13.312|
|  25.600|
|   2.368|
|   7.168|
|  17.056|
|  14.400|
|  15.040|
|  49.920|
|  49.536|
|  31.520|
| 135.488|
|        |
| 589.536|
|  12.480|
|   0.256|
|  13.696|
|  53.184|
|        |
|   0.344|
|  42.624|
|        |
|        |
|        |
|   8.256|
|        |
|        |
|   5.134|
|   0.264|
|   4.864|
|   0.092|
|   0.193|
|  30.752|
|   5.376|
|  42.976|
|        |
|   0.660|
| 163.712|
|        |
|  31.456|
|  32.128|
|   6.688|
|        |
|   5.312|
|        |
|  66.976|
|  89.856|
|  11.648|
| 148.224|
|   0.288|
|   5.184|
|   0.152|
|  81.088|
|  29.184|
|   1.301|
|  37.568|
|        |
|        |
|  13.184|
|  33.216|
|  23.616|
|        |
|        |
|  21.760|
|   0.326|
|        |
|  31.296|
|  45.888|
|  59.232|
|  50.720|
|  49.216|
|  23.488|
|   4.147|
|  33.280|
| 430.016|
|        |
|        |
|  40.960|
|        |
|  91.360|
|   9.472|
|  60.480|
|   0.832|
|        |
|  23.648|
|  39.936|
| 135.168|
|  27.136|
|   0.048|
|        |
|   0.399|
|  15.680|
|        |
| 196.640|
|        |
|  88.256|
|        |
|   3.200|
|        |
|   7.744|
|   6.208|
|        |
|  35.648|
|  34.880|
|   0.448|
|   1.216|
| 122.496|
|  15.936|
|        |
|   0.108|
|        |
|   6.720|
|        |
|  49.664|
|  42.368|
|  41.696|
|        |
|  71.360|
|        |
|        |
|  20.032|
|   0.232|
|   9.408|
|  26.752|
|   4.160|
| 105.088|
|  51.776|
|   2.496|
|  71.936|
|   0.215|
|   6.976|
|  29.056|
|  57.664|
|  12.480|
|        |
|   0.401|
|        |
|        |
|  13.568|
|  31.104|
|        |
|        |
|        |
|        |
|        |
| 431.616|
|  66.112|
|   1.536|
|  61.632|
|  86.720|
|   0.067|
|  22.592|
|  22.272|
|   0.128|
|   1.443|
|  10.240|
|  99.584|
| 106.048|
|  85.216|
|  49.408|
|  10.432|
|  14.944|
|  15.360|
|   0.475|
|   4.800|
|        |
|  53.888|
|  89.376|
|  16.736|
|  99.776|
|   0.200|
|  14.336|
|   6.592|
|  13.920|
|  20.320|
|   0.256|
|   0.128|
|   0.690|
|   0.187|
| 111.360|
|   0.496|
| 156.096|
|  68.896|
| 105.024|
|        |
|  70.240|
|  31.296|
| 187.776|
| 107.840|
|        |
|  47.488|
|        |
|        |
|  14.464|
|        |
|  12.736|
|   1.320|
|  13.184|
|  25.408|
|   7.872|
| 113.952|
|  28.544|
| 159.616|
|  46.240|
|  62.464|
|  63.168|
|   3.392|
|  83.520|
|  37.184|
|  91.520|
|        |
|  61.440|
| 180.736|
|  48.640|
|        |
|   0.612|
|   1.280|
|   1.088|
|   8.768|
|   3.904|
|  48.704|
|   3.872|
|  14.656|
| 211.392|
|  48.448|
|  13.344|
|        |
|   0.960|
|        |
|  41.088|
|  15.104|
|  72.576|
|  21.632|
|  35.264|
|  31.040|
|        |
|  52.512|
|  55.424|
| 208.128|
|  48.576|
|        |
| 194.880|
|  11.840|
|  32.448|
|   0.384|
|  58.880|
|   0.568|
|  33.216|
|  16.960|
|   2.240|
|  39.424|
|        |
|  26.624|
|   6.336|
|  35.968|
| 100.928|
|   6.656|
|  83.424|
|  10.368|
|  17.024|
|  15.424|
| 172.160|
|        |
| 104.256|
|  45.824|
|   7.168|
|  16.256|
|  77.824|
|  50.752|
|        |
|   8.320|
|  81.984|
|   0.448|
|        |
|   0.176|
|        |
|  26.272|
|        |
|        |
|        |
|   2.368|
|  33.024|
|  30.464|
|  61.696|
|        |
|        |
|   0.892|
|  38.432|
|        |
|  30.566|
|        |
|  19.552|
|  13.312|
|  41.408|
|  22.464|
|  64.576|
|   7.424|
|  16.896|
|   1.438|
|        |
|   2.624|
|   1.047|
|  16.043|
|  90.240|
|   5.952|
|        |
|   5.184|
|        |
|  18.304|
|        |
|        |
|   6.784|
|  65.056|
|   0.640|
| 101.824|
|        |
|  31.680|
|   0.794|
|   0.960|
|  18.816|
|        |
|  10.560|
|   0.289|
|  23.872|
|   5.696|
| 114.464|
|  23.424|
|   0.939|
|        |
|   0.040|
|  36.800|
|        |
|  24.768|
|  14.976|
|        |
|  27.712|
|  22.272|
|  27.968|
|   0.767|
|   0.890|
|   6.208|
|  40.576|
|  50.816|
|  20.672|
|        |
|   8.064|
|  11.136|
|        |
|  67.776|
|   1.758|
|        |
|  36.608|
|  47.872|
|        |
|        |
|        |
|        |
|   0.512|
|  18.560|
|        |
|   0.579|
|        |
|        |
|   3.234|
|        |
|  43.520|
|   0.320|
|        |
|  32.512|
|        |
|  10.144|
|   2.029|
|  43.904|
|   0.896|
|  18.400|
|        |
|   0.490|
|        |
|  14.080|
|  79.040|
| 154.432|
|   0.384|
|        |
|   1.920|
|        |
|        |
|        |
|   1.599|
|  51.200|
|   2.944|
|   2.970|
|  39.936|
| 154.432|
|        |
|  21.760|
|        |
|        |
|  55.968|
|  88.640|
|  20.128|
|  45.568|
|  19.328|
|        |
|        |
| 272.448|
|        |
|  16.064|
|  16.064|
|   7.808|
|        |
|  38.848|
|  34.240|
|   1.504|
|  72.384|
|  63.360|
|        |
|  53.952|
|        |
|        |
|  23.232|
|  24.256|
|   0.336|
|  67.296|
|        |
|        |
|  60.384|
|  15.744|
|  48.352|
|        |
|  37.568|
|  10.304|
|  57.280|
|        |
| 106.560|
|   2.432|
|  33.056|
|        |
|        |
|        |
|  26.432|
|   0.056|
|   0.136|
|  26.304|
|   0.969|
|   4.928|
|        |
|   0.216|
|        |
|  61.920|
|        |
| 454.016|
|  34.048|
|        |
|  76.544|
|        |
|  10.464|
| 103.808|
|        |
|   0.640|
|   0.096|
|   6.528|
|        |
|        |
|        |
|  24.864|
|   1.041|
|  77.824|
|  63.392|
|        |
|   0.167|
|  20.544|
|   0.976|
|  20.864|
|        |
|  22.784|
|  18.848|
|  53.760|
|        |
|        |
|        |
|   0.060|
|  15.872|
|   3.287|
|   2.512|
|  49.152|
|        |
|   1.407|
|   0.124|
|        |
|        |
|  54.976|
|   0.461|
|  41.472|
|   5.440|
|  35.008|
|  35.968|
|  75.552|
|   7.104|
|        |
| 119.136|
|  37.408|
|   6.272|
|        |
|  58.112|
|  11.072|
|   9.408|
| 389.376|
|  18.080|
|   1.408|
|  32.512|
|  43.200|
|  46.272|
|  72.448|
|   9.024|
|  17.888|
|   0.448|
|  51.776|
|        |
|  10.432|
|  20.928|
|        |
|  51.200|
|   0.384|
|   7.744|
|   1.408|
|        |
|   0.448|
|  76.768|
|        |
|  17.088|
|  20.096|
|        |
|  27.648|
|   7.744|
|        |
|        |
|  24.256|
|  62.656|
|   1.897|
|   0.256|
|  12.544|
|  18.944|
|   0.240|
|  74.368|
|  11.328|
|        |
|  52.672|
|   0.685|
|   0.496|
| 149.248|
|  18.752|
|  21.824|
|  12.800|
|   0.207|
|  66.944|
|        |
|  13.056|
|   9.952|
| 174.656|
| 195.200|
|   0.768|
|   9.150|
|  32.960|
|  22.720|
|   0.084|
|   4.032|
|   8.320|
|        |
| 110.848|
|  52.160|
|        |
|   4.169|
|  28.768|
|   0.640|
| 118.304|
|  10.048|
|  47.168|
|   0.448|
| 100.672|
|        |
|  36.800|
| 110.464|
|  63.232|
|  90.112|
|   2.290|
|  26.432|
|   1.280|
|        |
|        |
|   0.088|
|   0.067|
|        |
|        |
|        |
|   0.068|
|  12.128|
|   0.680|
|   0.034|
|   3.456|
|   2.347|
|        |
|   0.392|
|   0.074|
|  48.064|
|  10.336|
|   8.064|
|        |
|   3.264|
|  16.832|
|  26.560|
|  30.080|
|   3.392|
|  18.432|
|  32.000|
|  10.304|
|  18.432|
|  80.832|
|   4.672|
|  22.048|
|  13.088|
|  58.560|
|   7.104|
|   6.784|
|  22.656|
|   0.727|
|  88.864|
|   0.131|
|  52.672|
|        |
|        |
|   0.052|
|  35.136|
|  43.776|
|        |
|  65.856|
|  10.112|
|  16.288|
|   7.936|
|        |
|   4.800|
|   5.888|
|   6.528|
|        |
|        |
|        |
|   0.320|
|   0.144|
|        |
|  55.904|
|  96.576|
|   0.192|
|        |
|  16.704|
|   0.020|
|  60.224|
|        |
|   0.128|
|  95.360|
|   0.206|
|  83.008|
|        |
|  15.104|
|        |
|  37.696|
|  18.144|
|        |
|   7.296|
|        |
|  12.640|
|        |
|  51.712|
|   0.320|
|        |
|        |
|  25.856|
|        |
|  28.608|
|  23.296|
|  19.840|
|        |
|   7.232|
|  39.648|
|   4.976|
|        |
|  33.920|
|  49.664|
|  25.792|
|        |
|  13.184|
|  33.472|
|  24.544|
|        |
|   0.032|
|  14.976|
|        |
|        |
|        |
|  37.632|
|   9.536|
|  11.008|
|        |
|        |
|        |
|        |
|   1.235|
|  48.192|
|   0.456|
|   0.192|
|        |
|  36.224|
|        |
|  26.944|
|        |
|   0.144|
|   3.904|
|        |
|   0.311|
|  58.816|
|   0.608|
|        |
|        |
|  11.136|
|  16.832|
|   7.808|
|        |
| 144.928|
|   5.760|
|  78.208|
| 151.456|
|   1.606|
|        |
|   1.664|
|  63.360|
|        |
|        |
|  45.248|
|  65.568|
|        |
|  21.888|
|  17.664|
|  12.736|
|  12.864|
| 122.944|
|   0.064|
|   1.856|
|   0.097|
|        |
|   3.008|
|  19.200|
|        |
|   0.064|
|  12.212|
|        |
|   2.614|
|  32.384|
|        |
|  34.880|
|        |
|  17.152|
|  21.696|
|   0.896|
|   3.904|
|   0.076|
|        |
|   0.256|
|   0.200|
|  42.496|
|  17.440|
|        |
|   0.387|
|   1.152|
|        |
|  20.160|
|   2.560|
|   0.769|
|        |
|   0.380|
|        |
|        |
|  51.136|
|        |
|  74.304|
|   0.036|
|  24.192|
| 229.888|
|  63.296|
|   2.447|
|   5.056|
|   0.576|
|   0.320|
| 155.072|
|  31.232|
|   0.192|
|   0.256|
|  20.192|
|  14.528|
|   2.496|
|   4.288|
|        |
|        |
|   1.100|
|   4.779|
|  25.856|
|  14.016|
|   0.200|
|   0.192|
|        |
|        |
|   4.890|
|        |
|        |
|   5.952|
|   0.640|
|   5.760|
|        |
|  67.520|
| 123.136|
|  69.952|
|  36.864|
|   1.920|
|        |
|   4.928|
|   0.219|
|  20.800|
|        |
|  66.432|
|   4.992|
|   4.288|
|  90.560|
|  16.896|
|  20.864|
|   2.880|
|   2.752|
|   6.656|
|  23.680|
|        |
|        |
|        |
|   0.051|
|        |
|   0.132|
|        |
|  36.864|
|   3.584|
|  77.952|
|        |
|        |
|   1.536|
|   0.088|
|   2.368|
|        |
|  18.240|
|  98.496|
|  48.512|
|  31.872|
|        |
|  31.808|
|   0.512|
| 220.480|
|  62.336|
| 140.480|
|  33.376|
|   0.442|
|   0.268|
| 181.952|
|        |
|   0.604|
|        |
|   2.288|
|  23.808|
|   0.448|
|   1.141|
|   2.240|
|        |
|  19.456|
|   2.964|
|  67.712|
|  26.176|
|        |
|        |
| 384.704|
|   0.232|
|  12.736|
|        |
|        |
|   3.392|
|        |
|   2.470|
|        |
|  26.624|
|   0.464|
|  15.872|
|  45.056|
|  84.352|
|        |
| 133.440|
|  23.104|
|  47.296|
|  41.344|
|   0.085|
|        |
|  35.168|
|   0.610|
|        |
|        |
|  46.656|
| 149.184|
|  30.656|
|        |
|   4.955|
|        |
|   3.008|
|  11.008|
|   0.360|
|        |
|        |
|        |
|  23.264|
|   0.090|
|   0.708|
|  31.648|
|  23.552|
|        |
|  42.208|
|   0.078|
|   0.344|
| 109.824|
|        |
|  11.264|
